# This file may be used to create an environment using:
# $ conda create --name <env> --file <this file>
# platform: win-64
# created-by: conda 25.3.1
altair=6.0.0=pypi_0
attrs=25.4.0=pypi_0
blinker=1.9.0=pypi_0
bzip2=1.0.8=h0ad9c76_8
ca-certificates=2026.1.4=h4c7d964_0
cachetools=6.2.4=pypi_0
certifi=2026.1.4=pypi_0
cffi=2.0.0=py314h5a2d7ad_1
charset-normalizer=3.4.4=pypi_0
clarabel=0.11.1=py314h170c82c_2
click=8.3.1=pypi_0
colorama=0.4.6=pypi_0
contourpy=1.3.3=pypi_0
cvxpy=1.7.5=py314hb356a08_1
cvxpy-base=1.7.5=np2py314hb7a55bc_1
cycler=0.12.1=pypi_0
fonttools=4.61.1=pypi_0
gitdb=4.0.12=pypi_0
gitpython=3.1.46=pypi_0
icu=78.2=h637d24d_0
idna=3.11=pypi_0
jinja2=3.1.6=pypi_0
joblib=1.5.3=pyhd8ed1ab_0
jsonschema=4.26.0=pypi_0
jsonschema-specifications=2025.9.1=pypi_0
kiwisolver=1.4.9=pypi_0
libblas=3.11.0=5_hf2e6a31_mkl
libcblas=3.11.0=5_h2a3cdd5_mkl
libexpat=2.7.3=hac47afa_0
libffi=3.5.2=h52bdfb6_0
libhwloc=2.12.2=default_h4379cf1_1000
libiconv=1.18=hc1393d2_2
liblapack=3.11.0=5_hf9ab0e9_mkl
liblzma=5.8.2=hfd05255_0
libmpdec=4.0.0=h2466b09_0
libosqp=1.0.0=np2py312h325a191_2
libqdldl=0.1.8=he0c23c2_1
libsqlite=3.51.2=hf5d6505_0
libwinpthread=12.0.0.r4.gg4f2fc60ca=h57928b3_10
libxml2=2.15.1=h779ef1b_1
libxml2-16=2.15.1=h3cfd58e_1
libzlib=1.3.1=h2466b09_2
llvm-openmp=21.1.8=h4fa8253_0
markupsafe=3.0.3=pypi_0
matplotlib=3.10.8=pypi_0
mkl=2025.3.0=hac47afa_455
narwhals=2.15.0=pypi_0
numpy=2.4.1=py314h06c3c77_0
openssl=3.6.0=h725018a_0
osqp=1.0.5=np2py314hb7a55bc_4
packaging=25.0=pypi_0
pandas=2.3.3=pypi_0
pillow=12.1.0=pypi_0
pip=25.3=pyh145f28c_0
protobuf=6.33.4=pypi_0
pyarrow=23.0.0=pypi_0
pycparser=2.22=pyh29332c3_1
pydeck=0.9.1=pypi_0
pyparsing=3.3.2=pypi_0
python=3.14.2=h4b44e0e_100_cp314
python-dateutil=2.9.0.post0=pypi_0
python_abi=3.14=8_cp314
pytz=2025.2=pypi_0
qdldl-python=0.1.7.post5=np2py314he79ee03_3
referencing=0.37.0=pypi_0
requests=2.32.5=pypi_0
rpds-py=0.30.0=pypi_0
scikit-learn=1.8.0=np2py314h1b5b07a_1
scipy=1.17.0=py314h221f224_1
scs=3.2.11=default_py314h3bdbace_0
setuptools=80.10.1=pyh332efcf_0
six=1.17.0=pypi_0
smmap=5.0.2=pypi_0
streamlit=1.53.0=pypi_0
tbb=2022.3.0=h3155e25_2
tenacity=9.1.2=pypi_0
threadpoolctl=3.6.0=pyhecae5ae_0
tk=8.6.13=h2c6b04d_3
toml=0.10.2=pypi_0
tornado=6.5.4=pypi_0
typing-extensions=4.15.0=pypi_0
tzdata=2025.3=pypi_0
ucrt=10.0.26100.0=h57928b3_0
urllib3=2.6.3=pypi_0
vc=14.3=h41ae7f8_34
vc14_runtime=14.44.35208=h818238b_34
vcomp14=14.44.35208=h818238b_34
watchdog=6.0.0=pypi_0
zstd=1.5.7=h534d264_6
